1262
1706
1359
1691
461
1593
594
211
749
1500
1775
125
730
1210
653
1458
880
1278
57
44
256
959
790
1604
424
1651
1773
1253
906
703
140
568
1749
14
278
862
797
1121
522
1222
1613
1243
339
987
845
323
868
1181
1675
762
1155
1352
1491
440
305
1135
233
418
724
928
1757
259
195
945
364
83
1736
630
1509
1171
134
599
983
1581
1484
1808
451
313
72
1397
1103
644
360
203
1717
34
1801
1361
271
756
7
181
1325
1194
1332
1424
1570
1668
696
400
1081
1627
969
776
1052
1431
1066
1402
1031
1410
1309
1299
1524
620
836
998
162
243
824
664
543
500
484
102
1467
718
293
111
118
122
